EDGES 47
15.6 82.3 10.5 20.3
23.4 12.5 10.5 20.3
25.7 35.9 10.5 20.3
29.8 77.8 15.6 82.3
25.7 35.9 15.6 82.3
30.7 64.5 15.6 82.3
30.7 64.5 29.8 77.8
25.7 35.9 30.7 64.5
23.4 12.5 25.7 35.9
34.5 26.7 25.7 35.9
23.4 12.5 34.5 26.7
40.1 75.3 29.8 77.8
30.7 64.5 40.1 75.3
45.6 37.8 25.7 35.9
34.5 26.7 45.6 37.8
45.6 37.8 30.7 64.5
55.9 22.1 34.5 26.7
55.9 22.1 45.6 37.8
58.7 49.8 45.6 37.8
58.7 49.8 30.7 64.5
23.4 12.5 55.9 22.1
58.7 49.8 40.1 75.3
64.4 11.2 55.9 22.1
23.4 12.5 64.4 11.2
70.4 89 40.1 75.3
72.1 63.2 58.7 49.8
72.1 63.2 40.1 75.3
55.9 22.1 58.7 49.8
72.1 63.2 70.4 89
70.4 89 29.8 77.8
78.9 56.7 72.1 63.2
58.7 49.8 78.9 56.7
83.4 35.4 58.7 49.8
55.9 22.1 83.4 35.4
85.6 43.2 58.7 49.8
83.4 35.4 85.6 43.2
85.6 43.2 78.9 56.7
64.4 11.2 83.4 35.4
70.4 89 15.6 82.3
91.2 78.9 70.4 89
72.1 63.2 91.2 78.9
95.2 16.7 64.4 11.2
95.2 16.7 83.4 35.4
78.9 56.7 91.2 78.9
95.2 16.7 85.6 43.2
85.6 43.2 91.2 78.9
95.2 16.7 91.2 78.9
