POINTS 19
10.5 20.3
25.7 35.9
40.1 75.3
55.9 22.1
70.4 89
95.2 16.7
30.7 64.5
85.6 43.2
23.4 12.5
45.6 37.8
78.9 56.7
91.2 78.9
15.6 82.3
34.5 26.7
58.7 49.8
72.1 63.2
83.4 35.4
29.8 77.8
64.4 11.2
EDGES 47
-7.44038 52.9855 21.828 24.4675
21.828 24.4675 -29.9139 -61.1057
-7.44038 52.9855 -107.104 61.1836
1.3376 54.8962 34.4802 49.1021
21.828 24.4675 22.8518 24.3669
34.4802 49.1021 35.6711 36.6289
-7.44038 52.9855 1.3376 54.8962
22.8518 24.3669 35.6711 36.6289
42.9253 109.408 58.3692 75.2513
33.6959 71.3832 46.3776 60.3454
46.3776 60.3454 55.1534 66.7466
55.1534 66.7466 58.3692 75.2513
33.6959 71.3832 42.9253 109.408
41.979 9.41536 43.6441 3.7784
45.6777 26.6223 59.5491 35.7227
41.979 9.41536 45.6777 26.6223
59.5491 35.7227 66.6236 35.0075
71.2977 25.3431 66.6236 35.0075
43.6441 3.7784 71.2977 25.3431
77.1779 76.4906 120.858 166.446
37.8426 127.833 25.7067 227.094
58.3692 75.2513 77.1779 76.4906
37.8426 127.833 42.9253 109.408
102.329 34.2714 149.704 51.4337
149.704 51.4337 249.498 57.8513
102.329 34.2714 78.8202 19.4371
78.8202 19.4371 96.3992 -79.0057
34.4802 49.1021 42.9589 53.8336
19.6523 70.4329 1.3376 54.8962
46.3776 60.3454 42.9589 53.8336
19.6523 70.4329 33.6959 71.3832
71.7135 44.7208 100.721 59.1172
100.721 59.1172 149.704 51.4337
71.7135 44.7208 71.2971 43.0239
71.2971 43.0239 102.329 34.2714
22.8518 24.3669 41.979 9.41536
43.6441 3.7784 40.4749 -96.1714
35.6711 36.6289 45.6777 26.6223
42.9589 53.8336 59.5491 35.7227
83.7122 68.5412 100.721 59.1172
68.8778 53.0222 71.7135 44.7208
68.8778 53.0222 83.7122 68.5412
77.1779 76.4906 83.7122 68.5412
37.8426 127.833 19.6523 70.4329
55.1534 66.7466 68.8778 53.0222
66.6236 35.0075 71.2971 43.0239
71.2977 25.3431 78.8202 19.4371
